$ANSIBLE_VAULT;1.1;AES256
39343362366234353733383131373336316564376537353039376662393533653737613538303037
3330383563336531353033313134663331383339643561620a333564366166396163326632343432
32636530353363353633353436643836346463613632386137376466396531633265376331366230
3561333063353239320a306239386439393339316132353261613266386561326139336335323130
33613962386435316166356338643538663937636532336332376236346338343236383365633932
36633436643235626230613832363831356132616230633333613936366665363662303638383931
66353634346438386632353062373237303330653462396334323537356234653832613238393534
64323136306163383735353936346236626432613031396633653464373436393566336333323762
61346533363866613733396266636631633231313463356463393635316639636430663939623536
37643066626638363964613233633834636239316130303732356139373734666635303261646361
39666139393835383333643934306534373263663165653161326537386635666466353634303566
37386339626663303063656330366238653531373164316261313362343034373261333764326462
64396135333331323133353432656537626638656664343766643036306539343837623434346563
33613862393964363164626530666465653138393038373733393434633262326530613431336133
63353030636566626561646431333561643634343763353638353632366239616537613866633431
65613336336333323861613932613730613162326331353037663233613136323138303530393636
65356562306434386362386237326162343930373565303361306130393431633161346339393836
66366132323764316439653339396235323463303363633138663136376330626139313865623039
36316436396661653765376638653565396537396239646365653031643637653937313332626431
38623134393132633037353130656238316330353264326366643734386136653336373964346530
35356139343830356435343134383266333934643939366161393866343738376235333863303039
31343865633337343564633265373332353237363236653364643535306130613761613361633564
33363832666466653830343238316338306538326162333439306539323936333035623661623735
34616235343431303030366538353163633763623935356131616637623132643937616230373237
37333034346337623137386330313833663039646334343266313436343561643562343438336162
31376439363835383930383334353633393038353965626334323061303264366364383039623664
62346131366361303632346634643132313131313638333063363939373536373461663133356537
39393464633434363266363465353437653336306563373161336236366539656238343736613331
35303565356232393231313966306562306564366438356164343862356433633236613538636633
36386531356264303830386231666565316639356635333063363564623838653137343235346462
36616230623662346331363738386634383262366163663735613932646464306436656439373038
33306637656665643064626435646662613865336531646434313165373431333736623536313037
30343966333638313439356334656132663833373864356532653865653363626339643934333538
38383336636535376530306631373064356263303637646566383261336266346662623431653735
34623362373731656262656133393637303136396462316666666339373064653234333332633131
61613330623662623463333331623436623463643266636363313363383063613761343337643733
33353737393132623430623931316437623165396134663365336635646631353030353230356432
33663230343262653337663663383636313932653231396238396438626534373437643062396263
62356439343631363963636235613231363832333335373035646434666135356665613938343037
62613362323539656166313931353536313262636537306165393865393435303038316430613964
30366634623631353361306466613933373134616139336462666233623633666662393036643363
61376166646636366633656363376564333561623462313638653032616537336565326266323230
35336332633935613935643037613861613062323861363434343562663433363133373634356262
61393261633466633966343334666661623731613338373561383333313239633239646239333833
32326335616637316232663864646535323833323661333134616336376463626537366430356461
30343735396135363866343331666364623266303133633132326162303738373962636235393262
65386139663834386461376538323438363231316562626632633830363466653330643239316166
35303963383562623861643137336638626462363961386464653065306266333930663030373564
31326166313661333839323634336564636230383630363465333331393566353866323261363030
65633964323962316232336231303436666366363761623561376539663337643935663932643939
37636334366562656130333435303461373533306364373864356131646137373230323738306661
37616633363030633935626263336439363762336134363161623432333633363234393763323162
30653661303562393632303038633862643336376236616430356234653266336332636462316538
64366533323430363565653237383337613539613263393835383264316363383466353038326533
62656561313032363139336135376236336634306562353964616638623638306533623231613939
34326363336261306230386533316134356333383766346136323030616531623464356635373137
63653865643066663030336131656335316561326330626333336135363833323765633561303433
39356132303964313534636538336261333662373961333038366234643535306462366231306238
31663136356337313737643737323562366631353234343136613865353232323337346337646330
33356366316632376134316535663837666132336462303833643266363534646637353637333766
66666338376538643837663435653236633063623433326564336234396333303566363936626337
34633363313462656233343939633436666336633930336462616164623664343136633931623564
33666635366365333935393139303665306365643233616135393536366535666563303539303934
31643730323637356165613835343738623332363861653964306565373430653764306630353262
38633131663032383037333966316236613063376336666266323061376238336163343766393833
66333633663836616233366330396436613763666639376566326630376464373233303461343638
37383962383537333833653038343063376331663236323866326464643763643434343231386332
39313038663930646639343734633932643734366261623630393637613765363934613238396663
37326530663238616362636365663166633839353034393435633432353630363265353736353532
65656137313865313763633365633164353764363431643963613662323930626232373237363637
66383038666233323137666539333163623739383464393863363766323535306334643831396435
64623462353464323931353933316330303538663036613965336462326263656561623131356537
65663232373564386132306333393237353236626561326230386165633265643835303563666338
39623262363064353230373730613037383038643832393562633432663031393738393039336633
32666535383239396166386466333163323731336563663732643830636161326637623936663362
33346161373062313732366335303566636237636261393938376661393230306563656434303931
65663765313732623637366632386538326232383266636134613465323666616636353662346337
64613439373832346364666263393031323064633661356636363835656335663032366465626431
62616366383636386433316162386231613432653465326638323161626638653462333931353562
32653437643238336264353036623932386661643864386334333965346631303039356534333461
38353439303730653462396235633461333265653734316339356130396132386637396432323734
39613865653263376231633162633663393031653464336462643563353830393530323633366562
34363139633266633763363439666338356463646236363232666434646537353737393738326232
38633164326463613238356439376365653661663738343037666134633065643138303563633263
64363964653163353931653737376565653165383833613335333334363961363139353764623537
33346539313036643630623437383139363964616336663466656230366430336235653330383830
31613465336534663736303938353930643866623133666131336537373464636432313763366564
37373933623465306434
