$ANSIBLE_VAULT;1.1;AES256
37616636623137376337616539643732346136336363333031353064323833356135663439616131
6430343138373432643361313066313365346166316637610a616330346539383330313362363865
30323462393237633031346465643438383331316239306463656665353363306131333736663962
3939333732383130330a383730643031646134633335623838313966653632393766393334323235
64326637346563343830346233643666306366343039336263396433343866336235636337346638
64653839376536633437373835646639323839366563666564313337616232393338376335633533
61386465393831373139343434663733343734636565376435356437363537383836633166653465
63626233396266643563656466363766343366353333383136353731623962306137313334653035
62363032616631356631386363333436613138353066303566313439653838393330643734346633
32633362383761353132316364333430323062653337336462613338376136323739303338626633
63376238363636643534646232333334393161336265653538353566363937376361373932333235
31383833306632383235356365653466306263316233333137396535323436356462316264383936
37373362323332633431653835333535383136393033363839313339646334396439663662323137
34363262666666346530383065613362393163363935643938336534613431346331396662633138
32656637373864393162666530663933306565343766623061613234663763353161653061336436
65663833323064613630363764613763336364613462363235623136613663326462643330313264
62336664383031383734373436383231353665316664353634373231303330313434376133373434
65373935656537353935383263646166663332343065353937313234653035396163613936333735
38383336313037333839613561366265303139613130316538333237386635326562353039633834
34363463636636663265313966323062306439333662616134396530373130386365643863653663
33633165616162323534343939333633613266666332313434306662656631393630333730343331
62393264353562666366633637353363623461383265383962643537313038303933343235373838
32396135383138613137373166626464373535346436636564646364346639653938616435333466
30313561393034333030376666333634663265323033306236393933666665643333353531353864
35613862326430303466626638313737666535323038376335383165396430396431323633303736
66393765343064623533303832336464376439393934373561333664343438633237313433363032
66316165313834326233616539356165323262363965306132353136613363366637643964313662
63356434346139616461613566316432306436653736306333663366363163326362323666646338
31326135393731626231393763626533326630323635396430303063383061653263373866656163
65363831343661626466373361383037333062653564313865303138393161313534393637626238
35633030666339373766346462396664356162663938333464376434613666356564623139363533
66333264623462633664333062653537363666383165343433303437386435633839333730616133
65316164353033633965343831656330656664363663363331303032316365323839636263653966
63376539386261616539373738613931393465393834653464383033363736656336363530306635
62366363303065353366623639393463316138313237313935386530316139613862316638396630
30323134633265633339373337666666306166366632303861616362326636366562336235373430
30346462303030383739613439343130656664326538396235663238336532636632636637636636
66383837616534643361386431633836646566383730356361346436303138356339626363353635
39636665323861643634333564353635373638313938333965646639346534633861356462303961
30383663366537613065343135616436303731643635636166343837616263396439373537333436
64623464663933643738623363346235363535663431663734623930323566306532323264323561
32613736383737663561313730366639373830333937323135333466313636303839356337316136
35383666613839623835643264643264613462306664666435636362383035373236363137353766
66643264326334663935323336323036613963386265656466366661323361663935633462303165
33646339396564653465363838663937613364366333653736353731323337663431633965393237
32633266633263656334653664313935333835663131323364336262396162343838363566376238
33333339383331353265376337383765643731633861386163623132383235356364376136626332
33323234393838613036646262623632646337623639373062633534393034313835666439363961
31313165643234633438313262303431646465633430306363623866656236313434353535363233
64646539356330666664613338663634353730333538373634333438643066303635316238626336
31366433346136353038356331666437383062363666366664393135383437333530376135333335
65343137663539633463336234356662366461393236336138363165663662626137363836666665
63643031333162663039383733353732613937356233666537343566623166663864656432643766
38616239646635376661326337303835613338363066626130393835306463626330643436386136
31333939346339623735386163333038656339623234616138316233613039333663306233633834
63656338356233353666616532313164323936636433316430313966366135613731313935393266
38376464356266353534623732363134366339633361386539613831313738383933386366616561
35613161373430393832343834663033633830363865323563616339373137626366643137663230
33373038613834636433323332643133393765633761386538316330313432393138343635643863
61393264363239636233636137376630653038313565643030326537663135636439316539366362
63366663333033343435396466356662323237383236333531616361313932636365616564393632
37666431383737373564663563323734343830303264333764323061316239383762633863336330
64386531666432363465633165656666326435363831633233333434363266646464373735626431
64323035663165356661313265663166363138613163336339636631373532376337396564336365
61303434626133616637663463626637333262393031396337346538316138353234343836626530
62303037343339326561656339613030333661353561313538306130346262386231636131343530
61666561383133323032643664666330306431623533666362646135356165316463313765363634
39316132653064666366333531636330393436646431306432343236633738373433623039393137
32643030386437316461656435343863326130633230323731343532663938653662633830306332
35363233376236313166326664646234336163386238303162643464643766353939616238636532
64613835333935316161393961333535333736303430326536626362346535363437323135373034
34636665653139653361353934363831323832373834616161373037356134663035663233663866
37663963333839633065653630393736376664333438306536313437383562643061626637313531
38343032373734383261613964316464363835326335356530373437633233646232356465616531
32366362623430633139613464623135643437626332623737623161363637386638313436656536
66343931616563333966653065613934613831613766303234363961386433343864653438666634
65383933633437626564316136363465623561333838353865383330633638386330323133366230
66313139373031663135326132393834363665346138653062323930326539666461353865346439
38616135383866363762313132393833393566386366363964666330363266626537386631646138
31643934636166636130353437333265303261666661613939643732306236653639653535396462
35653733356164663033616437613931313838376164633537306636336663366661333237613739
61333965643637303730313530656133303063623931336264376162386332666131393637323432
37316330633430616562383333313633363762336361626265653739646666663661636632333839
62623065626165663730656638626462313063323461383536376161666565353662333463353162
34373166663761366433643839323535666534316335383963656231633465333133623438373961
30626461633438343734366565366664366364643765646534396435303362666537383231303761
63353461636165323430623330333964326662366461383938633533373937653939363561346564
66346163343838333937616434626533303931663637386439353433346233643963343636633633
66303531386531303965313137326662653438353437306234313330323964633139376339366365
38336331376263343663656130353437613930383963616236373265386563646161623735653537
32393235663231313938663061333537636236366263353033313966356630306465643638393439
38306266356232663062656236313863336433646234623330396338663066323061626362373531
65653361323732636232656165626231653261373033353138366531306135333336653033376132
61656232653762353166323738383739353061653234366664653034383536353165663863616365
34306638666637346433616565356631643431613433333433633633653966656464626636313464
66663236626536623263623563613238343439373839643633383566326661393431653333323065
61636237623061633133666539393261323936393065613765393663336662396164643439646661
33613934363365353131623766303339373463306161653562343336656235663536616564633233
39663137333461356562383732346232316139356165656564346133326365393731656337633430
31343635393633343066393134386635663636333064346564616531393765646535636633643061
34646666306235653532363234383633393863353965626265353432313835366462356633323465
62353737386665616362306534643537633935643739333132333730633565323831333462316532
39313138333465366430363331306639383861653731333638323135383366353264336633326164
63323738653466663731633835666165336333383530636638313463366536656235666433323166
30376539313764613135373161616634383761323139323037623062346464356363643863663439
63333762666337613738326134633935356562346661666532616565313938633764353135336663
34646263303839383733386439376562343431336361663361663236306534623631623165333038
64663930366433616435396338356662653434643264363432633930623535653662663661303931
38303534356165316138386539373163383964623535303231663337316436613334323533363665
39306566343965346634393130353332376634643766643237306434623733613937626334666465
65373634346466313532363539633433346564386633633032376364656264363664373631313965
38313265376464383238323236653862353830383530623765396130373431626435636161626135
30383836303862643163643165663735333739626462386439623932643264396239353635366430
35376264363764643431623531396334363361653163613563656265316235666431626233343734
35303863653363363232663266316235663261376135376436643463633963373762306435323831
31646365653436646435346565386638383332356538643230643561326430373933386463386232
30666530623937366533313231643636383531363961623433363466363363656663316136336531
35336234653638316131396261623734633166343562616336333636373634663535366433616163
66306430323139383735363961366433633761333930343035333137623835336630666138666465
33393062616561646232306130356638376566613938336138643662663534343961343561653737
33633861363530303238336264333735646362303530316164393334313330386561316632376266
62363132323038353066346362613763643962373230373364303965623435316639646230386534
65393936363030303638663536343736376333316263353665366437393635303939323534653630
31626162646166313463396134366434643636633932633666643964646334376163626332663463
32323132663832343537313536633530656539613034343961663137383966363762373035656364
63623530343033363861306635303533383661643938643239646561343437636133653733393038
65303766333066653431363531383264313932303232383439366532376561343363326563663665
38326361636466363261333339613333306538653930366334326633343134633665373864393231
61396234373962633439616230323838343835393030383035353537633165303935633133643164
32393334363338346164623034666136383133663162393432376637313232366462306330663037
38663863303563306432303236643661383366653838336364636162363661636365623835663532
30323139636334393430643730343765353962643764666335346662653131663661346361313239
65313837346337383563363062393933623931363439383164623461343733376231
