$ANSIBLE_VAULT;1.1;AES256
30633337303139343935313337653530386564653861363963386662613639623738333164383435
3031336365346638613232663133343839653831656630360a656436366532343238396331343933
34346332653161643237336266386130323335346462306463396338303237643439303961363935
3664306665343163320a663166383062393530313739353636313237396136333266323036643631
32346464643437653537656666643437323931313132376433316139346462653663636263323439
63366565653934393834633930303130303231323230666266323634356637653832343765643461
38616664376131626563323434306130623136353334323566363738633863333036326239363464
38343166336439626466386661613066666632336163666338623033613037666233386630616563
36376562393264356531343364386133383763663961613262373233303832653963313362326431
30316363613563666235363364626639386665373333653864353964646464363263643864643434
33613535656262666465343663383333373064343134393864333062373664313231643065616535
61643130303362356364376535323831633735366436383962613366653734653036396534356436
63363938383338376565656537346132643936333165323732633539636434376462353032363165
31303631366361363332633666366234353262613534663266363435323333663334613564383162
62333764313766623439306431393535653962623534353637616366313131303637666332396230
63643338323537353765616131613165313565306161343465353034313562633637326564613665
65396539643937393365353363313833306337643135363039393466363638303363373535323166
37383231633232643935353632356436383661356464343865373738373739613661303337613230
32323833356538633134666564626238306132343033663133396531663438313264373531623263
35626333656563616237366364363962306661376339356661633937386433313263663635396262
38623333313139343266373039393737383832333265653263616630326563656232393035336163
31366135656438353731626134393631646637643466636265386266633161663034623764346236
35623332336162613263656361313334386465336361363136626639366663323565613766303730
30623063376461316165616536636334313230316533396364646439646535313931386530643066
62353064393936376561653963343632623336363332666534396634336231353030643535666465
6166626233643036646337616631303338346630623736303938
